0
4
56
108
452
736
884
964
984
992
764
800
828
1040
1116
1336
1376
1476
1484
1536
1584
1592
1628
1696
1732
1780
1860
2004
880
2124
2220
2240
2320
2340
2444
2540
2604
2628
2700
2748
2860
2924
3036
3048
3064
3112
3124
3204
3256
3264
3420
3480
3552
3564
3640
3660
3680
3724
3848
3936
3996
4040
4116
4340
4388
4400
4420
4476
4496
4508
4540
4648
4660
4748
4756
4776
4832
4840
4880
4908
4916
5032
5096
3884
5128
5156
5212
5220
5296
5344
5380
5416
5424
5432
5440
5448
5532
5584
5624
5656
5824
6084
6440
6696
6732
7280
7784
7896
8396
8544
8304
8628
7356
6080
8704
9352
9684
900
10424
11540
5600
3872
9008
11192
1460
2352
3492
9988
3716
4820
484
10300
11232
11504
8436
13964
10316
9156
16012
18200
1320
1152
15016
13796
13992
12920
1228
16976
17672
14488
7072
4696
15576
10384
9564
3672
11672
3576
11248
16712
6476
8236
4004
1176
15012
9152
4140
12336
5604
15880
2012
16520
16780
3924
12588
10660
4992
13844
1820
1124
5904
5960
6948
12756
8196
15788
536
13076
10476
11884
11292
10096
12700
4636
10964
11468
13424
10436
2528
14880
15828
16716
16632
17268
4700
13212
18272
9672
220
17180
2832
5408
384
520
15560
2808
10376
6960
15688
12008
8868
11380
7832
17596
14160
4180
15404
5764
12568
13448
9060
3896
1768
